15 24 11
1 112 112
1 -1 1 -1 1 1 1 -1 -1 -1 1 1 -1 -1 1
-1 1 -1 1 -1 -1 -1 1 1 1 -1 -1 1 -1 1
1 -1 1 -1 1 1 1 -1 -1 -1 1 1 -1 1 -1
-1 1 -1 1 -1 -1 -1 -1 1 1 -1 -1 1 1 -1
-1 1 -1 1 -1 1 1 1 -1 -1 1 1 -1 1 -1
1 -1 1 -1 1 -1 -1 1 1 1 -1 -1 1 -1 1
1 -1 1 -1 1 -1 1 -1 -1 -1 1 1 1 -1 1
-1 1 -1 1 -1 1 -1 1 1 1 -1 -1 -1 1 -1
-1 1 -1 1 -1 1 -1 1 -1 -1 1 1 -1 1 -1
1 -1 1 -1 1 -1 1 -1 1 1 -1 -1 1 1 -1
1 -1 1 -1 1 -1 1 -1 -1 -1 1 1 -1 -1 1
1 -1 1 -1 1 -1 1 -1 1 1 -1 -1 1 1 -1
-1 1 -1 1 -1 1 -1 1 -1 -1 1 1 -1 1 -1
1 -1 1 -1 1 -1 1 -1 1 1 -1 -1 1 -1 1
-1 -1 1 -1 1 -1 1 -1 1 -1 1 1 -1 1 0
